Neg:
1019010170272264200
1017154360357183500
1019617300683608000
1018635849326579700
1019603140113522700
1019699298701733900
1019701129930657800
1019719472695787500
1017844683039334400
1019244541029879800
1019689041053343700
1019708519627489300
1019721495302557700
1019726630355374100
1016438057229324300
1016756686269251600
1017048700361855000
1017359034410852400
1019314472564002800
1019594144539467800
1019615192936779800
1019615446968832000
1019623692266033200
1019675876793966600
1017782768615469000
1017835110509482000
1019233887371825200

Pos:
1019335858652999700
1019339743799267300
1017822633876848600
1017866466765484000
1017876748241793000
1018078212402942000
1018138345979998200
1018158737972842500
1018281827558219800
1018299200981864400
1018318032211456000
1018332085042532400
1018434574144196600
1019326470659993600
1019394161986940900
1019401947043061800
1019474266071461900
1019584696085336000
1019664250275541000
1019694240207601700
1019716131991556100
1019609411650707500
1019251887562948600
1019571763473240000
1019670834338648000